26509
30817
6480
25710
16578
23659
31347
1152
21597
2920
24656
27055
4793
28634
6319
17080
26481
8058
6323
19774
618
4140
11777
21090
12820
6451
19236
20883
13036
5281
29489
19879
6214
13586
2214
28715
12873
25498
920
30456
5435
14844
21262
8199
9727
27933
28072
1927
20443
15288
21892
11308
18303
13650
4961
3529
32579
28017
27909
6689
12465
28425
23261
23547
8003
1079
228
8308
30829
9777
11973
1689
29918
10622
11076
11573
7940
31330
20186
29416
25294
32157
12703
31865
19125
26965
28782
30061
3581
10832
19779
16089
21560
10598
12007
116
21005
1334
17360
20464
9015
5145
19522
25227
1488
16980
20411
31969
23248
8338
16782
5380
4049
13969
22734
23246
22037
28187
8045
6774
19145
10808
31909
11618
29835
24226
16023
27964
14891
15225
26419
23880
13998
16696
16471
32245
3737
20712
31547
32434
10860
3219
24332
16898
31340
7164
19159
26579
10149
10637
3753
21004
22064
11153
24565
22373
23730
19875
27957
6267
5413
3686
21716
11044
10971
25975
844
4095
2495
1440
15500
9808
21215
3919
21660
4619
31271
18246
23427
18479
29039
9619
16489
13653
1209
20675
12281
12937
19379
22867
12809
15448
21636
18791
19069
8234
27588
23742
8552
5075
9676
29926
30325
27492
3377
7596
25478
24903
6795
13783
12954
9355
22907
4118
19188
8572
24300
8246
31098
14455
29848
2200
6235
22268
7630
7139
23028
9989
22899
9974
15093
18582
17736
5921
24511
18838
1642
20628
24849
20445
6943
18711
19428
10638
31183
15100
22675
14247
8529
1106
7487
26326
32361
1628
16242
10895
19086
6466
26882
11867
18416
26629
1081
12659
32441
18616
818
16525
24467
25838
13958
16886
28523
18031
30505
2017
24693
7215
10126
23807
15473
19328
20498
16207
1068
8582
23191
15672
26697
14571
12655
10453
32577
26581
17789
5520
7337
18965
16278
21490
11700
15266
24877
24505
16120
22341
22576
29739
3957
19861
2605
15019
21715
10278
6841
18314
5355
19710
12562
22815
14473
22088
16643
3354
15216
4685
23304
21
7583
16287
18355
2924
31187
22935
29262
5455
25933
2306
26306
10005
31957
3352
26296
15827
17151
12462
23037
2350
13229
8108
7723
3181
12501
12480
31110
21971
11397
30548
13604
16427
13348
12734
8785
29348
16634
26551
3889
4831
29171
19727
28327
23879
4767
15519
14198
6049
4990
24446
16038
4579
22395
21624
4394
10570
31414
27579
4287
423
30342
19156
22551
26874
18111
3290
10807
6465
29744
13033
28958
19602
10352
30930
4007
22376
11995
25105
2736
15675
1751
4864
19836
29523
27484
19018
3414
17885
29619
3745
4215
4927
12669
25780
23594
20905
28664
8539
3630
4844
30846
11285
25948
31376
78
17845
15753
23072
9103
10072
686
26569
4498
3482
24391
17188
20056
1034
10744
15439
11604
1243
22134
4418
26993
16604
28069
5472
32343
9130
20734
30541
9962
26659
19764
6400
9492
20767
16407
11801
14021
23131
21944
5236
23608
30134
8398
6910
21367
10400
4696
10951
27937
7631
5252
1625
7787
32563
19664
4937
29797
11309
18799
25099
19583
8188
7662
26634
30283
7288
13079
8184
8836
27906
19990
1123
17232
21947
4826
6282
16834
756
1470
29550
11427
3302
20585
300
17522
25507
19954
28297
2217
14157
8776
29391
10818
12422
24786
27608
1914
3367
1618
104
5333
30005
18959
15552
22370
7185
2611
23919
21568
494
22386
15468
6497
27016
25580
5218
17294
22036
22869
3659
9643
9586
23123
19776
30013
6826
13095
27791
8233
27798
32144
9231
12222
11484
15340
1712
23798
6944
12193
3926
14841
14455
28347
28648
5347
12062
31959
22179
30663
25196
27455
7605
27124
15109
17494
6407
22135
849
17975
30298
15329
26668
12441
25493
2378
29151
10742
28509
19605
2383
32748
22503
5622
23925
18147
15370
13490
15630
7408
25241
12582
14484
5113
3055
10251
8300
1818
459
27384
13153
24392
22879
2600
4433
2868
7075
11134
17958
11890
18415
21190
264
19419
25801
32574
19410
28464
4860
16981
22210
6656
22250
13234
11380
30667
3106
26232
25105
7527
14133
17353
6084
22435
10694
28297
23917
19755
11489
5220
20378
30635
9614
20498
179
14391
26533
217
628
2795
10979
15188
9120
7630
22078
14196
13812
20220
5494
24516
28762
22021
27885
26097
16736
7312
16312
137
9704
2628
31734
13827
22561
18408
24928
22784
27318
15816
5666
6608
9285
20827
32234
20792
12050
9764
1854
26738
28925
26070
25362
630
8113
21435
23194
19064
25887
12118
14173
2994
10283
10824
29067
30307
19876
30064
6288
13848
1402
10582
10729
15658
30763
3530
18998
27016
26751
1224
5265
26294
7541
7327
29727
28950
10365
3410
15332
24167
23527
9535
28892
3979
1436
26878
31303
12173
16908
27276
11332
25570
31591
7081
24737
20975
26896
8062
4594
7628
9039
24451
11488
17992
8006
26528
3012
557
10022
19859
20597
709
8866
10129
4189
16284
17316
22064
1747
12168
27455
9604
16805
4839
23270
2440
31731
13096
1499
31168
6980
15245
5865
12317
723
3886
32342
20257
12586
16450
7188
13123
23538
3226
23095
29589
32266
878
19372
21924
3030
14428
8999
14496
16858
10158
5725
15293
16775
12252
372
9176
28756
17489
24247
17502
19729
15730
26255
28522
12152
27101
27566
12589
9734
17646
18318
23187
26121
30344
27418
7971
505
18
26539
18984
23051
15039
1077
20238
31492
2835
12995
14606
24395
28067
31264
15886
17987
16668
10199
30914
5591
29062
24158
3608
31319
26826
21391
16851
14466
26738
21335
15989
26084
12465
23218
5219
31586
6307
24279
13380
30227
31701
5295
26794
31313
8456
19596
4852
11536
32306
13848
12147
14191
32198
8332
25803
10381
10549
2850
8860
10654
23733
6604
4962
14398
26689
16934
26010
23300
16865
17577
12327
1115
11563
17954
30195
6029
31754
7523
3289
17441
19646
10553
27587
11111
26916
17054
9231
1105
11064
7983
2616
12676
2776
14304
20914
32175
14539
2030
8213
29212
27393
14357
23422
31621
15900
2564
14386
20776
20528
6158
18821
21021
30919
15650
6651
19688
16937
14589
3756
25931
2010
25758
6637
3166
24163
2810
300
16097
10325
14834
14876
32208
31884
8066
8979
13624
16817
18235
6832
1354
8962
19443
15040
8621
16982
20923
14946
15129
19291
23569
15210
10018
19491
21591
1796
14929
30431
21636
32154
2169
12522
2586
15863
32584
4873
17752
18348
3869
16113
2224
7346
22041
11785
11387
9810
377
23922
27372
24898
22819
31557
26690
5393
10622
31003
2882
6852
32647
10195
14821
30402
27426
16527
20046
18925
15277
32512
22526
24082
27355
12516
32075
20867
10688
24268
4366
9730
17448
29219
12445
14049
20013
31852
32249
23144
20489
971
19016
12919
25640
30919
17541
28780
31618
14670
118
4167
15399
17657
27102
20237
11803
1682
30709
24682
10853
22228
13589
10137
16483
7281
28342
30601
1376
11610
8604
7736
616
21818
30287
16227
13403
9539
25036
16994
21057
28974
15994
22350
19933
7549
29023
22372
17029
8964
28564
1198
17969
27559
14326
27872
20689
27749
5407
29568
11748
8342
15253
18249
11334
19056
6208
18130
73
7376
25378
6251
3080
12856
19010
31047
504
29971
18665
2017
5568
23873
32529
3480
12107
9935
7451
2972
21531
26118
14272
3854
15072
7336
6218
4195
15689
13430
23812
25098
7194
757
32239
29262
18815
14962
2486
25725
11679
27716
12004
17738
6517
81
25941
24176
23515
17876
19434
28056
11496
349
3713
17021
25468
7193
26661
2126
10521
22611
5505
15956
8181
12091
19355
9172
12109
15334
1727
6967
27131
22423
17848
18536
17227
19261
1351
28286
1547
14908
4045
20635
16865
10864
30027
6675
8930
19823
16268
4561
26463
28431
13985
7415
26626
11561
18830
21701
26138
23708
28483
13244
5172
16276
5070
7683
3307
28940
26062
18697
11265
10641
6187
18028
32174
16713
27652
13850
14391
4917
5865
25526
29635
9651
22859
21309
5227
15431
22832
233
6800
13978
5419
22613
19825
24771
908
9955
29692
6342
12756
3419
4069
27994
30828
13524
20214
6640
5782
19160
9894
1008
19107
2243
19948
7494
14951
19052
2389
20509
16362
30727
32085
22506
28256
18250
31450
11181
25435
6095
31271
23924
14400
28346
14304
4896
10231
21915
10337
31851
15591
8342
13652
27178
6946
24513
31107
27344
15068
32717
28394
4148
10018
24041
17169
17044
5321
21219
17817
17625
26020
31120
9492
19996
27642
13423
28186
23658
566
13961
153
9412
19169
5019
28524
17514
11470
7031
32303
5978
24468
1192
12626
22547
7233
10837
9325
27806
17997
24936
6867
1231
8397
10478
32362
28105
25577
14785
16570
16064
18064
14693
21059
17155
20587
5169
9236
17721
2063
17071
26521
8170
20854
32325
181
14146
4272
10516
24080
16402
25814
27936
11187
30744
3904
22193
5074
13184
23287
28154
488
25514
6253
5113
7178
31534
364
9886
26228
21278
6477
12335
17769
30091
23914
9707
20794
29002
22998
31214
12452
6903
30283
1108
27998
24379
3939
1953
30451
2635
12299
21601
18382
10417
32565
20491
24723
25935
13774
25387
3510
2209
12528
4800
11078
32066
29784
18659
23305
32178
12570
4266
24782
20310
9363
18764
6399
11968
25504
5254
15734
20785
26125
1085
27793
8028
26193
19300
9865
3437
27000
30240
13567
13386
864
27946
12504
4121
11048
18550
6731
2050
13286
13586
14136
9014
15768
29264
11196
3888
12894
10791
258
23355
9190
10455
3676
3380
7463
14284
30866
29585
15442
8133
15226
22690
10501
5685
29128
31511
15042
6633
20264
28611
25505
748
138
20639
13121
18856
26301
23826
1540
18765
24384
28527
13436
375
3925
27584
22304
6923
25942
3010
29252
13409
17484
11312
7752
14505
3518
32580
15
18055
32199
18556
9650
27137
3435
1434
7030
11675
20267
10478
19708
18112
31191
18647
1720
24932
5540
26760
11172
20200
32639
15880
29494
7230
13984
6524
17295
21325
10337
20905
31733
27543
28241
22965
17283
11801
12932
25645
12319
4210
11822
14157
22957
19272
30320
5755
11650
12264
2930
25876
5660
300
23986
26219
19216
21410
15772
16143
23875
14570
26970
6989
21341
14944
11501
7926
27259
26364
18557
611
20261
30838
4333
181
25215
21421
32435
31585
24515
26697
7911
30445
30190
13215
6809
21748
10682
27350
18536
28528
5069
4168
31824
31033
20272
30763
2500
18376
11266
113
11261
27201
31342
32748
18577
12721
474
12470
16455
3731
30817
6608
16938
26522
3716
15369
21724
19882
25372
1570
2605
12583
29587
21551
4332
31859
23636
32320
6398
14258
32128
14913
15788
6609
22499
21791
27201
10950
13862
1837
27861
23321
30278
26565
11108
13475
1861
17458
12067
2198
28447
24013
31251
16061
27903
21351
23254
10757
2995
14823
12994
1597
14429
10292
25140
794
12652
14934
20262
126
25035
20440
14852
24569
31832
2416
21692
3985
27544
18914
20501
12734
27049
15905
21313
1721
21624
12471
4533
31478
4660
11368
29496
32495
6658
12818
570
3108
29938
1496
5224
31584
19249
22399
24957
4157
20865
18968
31835
24042
10983
7904
25178
26924
4771
1892
5344
11171
25189
25321
28978
23631
18622
27402
14985
8531
17365
5027
2665
3832
13403
8686
6958
6132
7361
16108
8424
21229
24744
2311
9320
14649
6297
26869
5275
17128
19958
11743
535
1028
13104
13507
14580
12055
11323
7959
11485
8430
15167
23727
27494
22941
9617
3296
2208
1731
25825
31462
14828
783
14517
14723
4876
28419
27670
8681
6528
18168
9096
14810
8719
6755
18240
17678
11428
18518
23954
1493
12891
25930
27049
28925
6620
11803
8826
22774
17896
11348
5626
21556
29233
28589
3215
25301
21103
210
16581
6020
10160
29030
16195
18333
16367
11592
765
1681
5097
28949
8619
28813
30508
2542
7289
2134
3697
17019
10496
11384
43
8495
1653
26527
4960
23502
13088
8261
12472
9261
5648
27533
31188
12858
28942
1903
27360
12091
11983
16406
14956
26203
24942
17542
27511
24162
1305
11906
17869
16580
23306
16813
10388
12765
28856
9711
27425
32379
10063
8474
16400
17053
20318
5070
20115
28026
11472
15770
30218
18117
30494
3171
28628
22832
10691
31498
17253
26159
14575
17225
16537
18174
32383
26334
29768
24293
29485
21484
19227
699
2052
10398
22174
31145
13336
23053
26774
31536
2675
16996
30868
20077
27730
23106
1994
28316
11154
8543
30494
22748
12645
31347
893
26417
32073
32339
23666
23759
4155
2653
2295
1942
6183
3607
3723
6873
28580
23571
3716
10083
17886
534
19879
21692
723
27768
23030
16296
15299
22734
17097
8689
19425
23495
5920
10086
25935
32340
7736
5156
11849
13836
32348
8212
16033
15566
17918
11189
4459
2984
2822
12828
16121
31991
5226
7225
4874
22992
16895
22875
21310
22175
9871
24822
18893
17166
2091
421
26745
28969
15042
8555
6081
6079
2291
21310
1624
13323
7968
26054
3285
11923
11460
20322
31148
18257
12294
7020
22877
3345
8078
15550
3819
25626
26263
26996
20624
24592
26437
25588
23727
29977
30521
21804
31498
17471
2660
7195
7733
1814
24
13971
14667
24222
18021
10045
7647
2410
18338
31965
30261
17666
22090
24279
12210
24199
2826
17139
27026
13973
18711
12381
15321
15469
23749
13296
27276
9300
26710
27059
22816
23862
4879
16292
21043
2447
11922
21941
30586
32652
18023
7957
28155
5229
19932
10416
6780
14125
24591
10489
571
7781
17993
15591
9183
3438
14477
30269
23727
29893
3185
7951
11778
29108
17965
22146
30454
28975
16370
27347
30309
31229
23421
5275
10517
25112
29163
30545
22575
29525
30159
2832
27635
17223
31618
21402
22185
16993
7098
2206
11227
18012
25694
4918
14273
5080
19353
1204
11005
11078
22830
27294
11913
23813
31243
9207
29677
26827
12832
7104
5557
11335
8305
3263
23586
9477
2410
12927
14880
18833
23411
2968
5752
32223
25029
4400
13639
9962
6524
1986
21935
8604
23789
19743
22476
8430
22841
18354
32489
14160
547
23303
9204
3915
30750
1423
27696
5989
5290
2973
22570
9541
4321
21429
16110
21527
31309
22534
2426
8754
27133
20789
17011
4600
12760
32348
19991
20990
29745
11859
24179
12398
22939
28206
30678
23977
22782
262
6533
16944
17898
1277
24240
27588
6444
27004
11173
21964
10143
6847
15172
4344
15173
1684
8371
3620
17046
24159
4435
4223
2584
14946
2802
2796
13360
571
10818
27816
25400
16046
17801
8493
18897
14501
8091
18263
5499
2421
18182
25542
26467
99
30092
4739
20347
359
982
31718
32208
16688
17766
4279
7705
615
24782
20883
4491
14392
30751
9617
31477
12815
13733
1062
20744
13471
4305
30278
27382
9257
24439
13004
15168
9211
1850
23068
11464
20279
25412
5383
22062
28373
12858
6895
30553
20715
8302
25387
30036
9516
16983
1452
18524
687
4927
3809
4151
31475
19516
19161
17095
24095
10081
19368
10462
5262
25397
12043
7508
12682
6756
26447
16983
9048
17333
2926
8451
9334
28220
29308
26418
21024
3537
7745
14230
3096
27585
14632
16389
423
4035
11096
2579
4063
13613
2848
14822
21796
8295
27800
12102
7659
26784
21637
15604
3776
2497
21118
27197
12174
21151
1613
29390
15387
885
5272
30922
24018
12433
20161
7450
12997
15693
4618
29189
17906
833
8701
31744
23749
31159
523
13511
15839
29023
4723
17580
21782
14405
29797
26159
22717
14847
31079
10192
21541
28715
8697
33
15203
14105
28532
26655
27732
23236
3384
28610
16607
28679
5382
211
5754
19981
29355
17406
28400
15370
10975
23592
3681
10024
2412
27651
14986
29893
31379
6623
32582
17627
5035
1475
7253
14527
3851
26044
93
4623
16170
15477
29998
15845
15621
24072
24906
8273
21953
14100
17061
13319
31634
2576
18089
21076
15835
5854
9085
14167
3223
24739
5767
5741
19191
1495
11312
21229
30028
24216
13543
12566
24104
21828
2920
4933
18112
11590
4158
5995
22165
11312
32390
10431
13908
22795
32247
22960
20986
17898
5663
6686
1595
6086
26351
7625
15653
16517
19066
1802
15873
8028
17402
10689
13434
31575
24596
31374
13057
3126
27229
32324
13423
1403
7196
19866
24812
22465
10322
292
6672
7247
18679
6530
4681
24301
12679
14296
29565
14839
2749
14974
22768
30895
23454
4600
8295
13271
954
25128
22158
7296
10927
17346
17047
26909
18670
14849
21796
6363
11714
12440
32359
309
9870
5612
12167
22978
11094
25984
2886
14930
13440
14000
2530
16186
7644
9123
5176
18412
15075
7291
23087
971
60
31438
26708
16701
26245
26970
16578
13057
27215
29684
31557
8131
19818
21442
12479
12269
32100
19370
13770
19905
17228
10506
26782
19365
8379
15530
5686
17597
32278
24559
15022
27583
3597
23121
8432
15363
2663
15118
9615
16602
11778
31520
8435
26401
4117
31597
15543
3350
17593
13119
14415
17514
26280
8947
24814
31383
28228
24309
16550
31603
31195
18156
18642
517
27433
15665
31665
19352
32286
29318
22867
24847
15586
6661
5049
2680
29975
6486
20024
8420
4702
2341
27678
12917
540
6611
12952
11448
1150
12396
16851
309
3770
20442
10594
30789
8856
8792
7136
9764
16178
14121
1494
13895
20215
18569
3038
240
14070
7652
13321
7935
27482
24134
15999
28683
11568
26387
29029
18097
21873
31480
23556
12076
20796
23841
21799
1062
13155
11436
14532
17870
32553
5214
10463
26411
4170
8853
21932
1456
17468
23934
4340
16144
18613
26504
12473
6484
13165
18457
1309
12586
18213
11391
25984
8832
2536
13609
6377
24401
4241
8983
7591
26815
9101
31119
5176
7779
8418
26642
20841
6113
16240
4238
23487
15551
6007
32213
22550
3703
5210
24142
10632
22730
13219
22250
18576
15448
13638
602
5487
18286
8490
28800
10703
4383
17893
14883
28071
2710
5320
31974
29534
31402
32539
21371
24371
22451
14505
7700
24028
29596
896
12058
28269
11834
26866
12322
892
8668
991
21277
16259
32292
16439
9166
20613
1301
13242
3458
12021
24172
29698
26875
17363
13620
3524
9901
14872
21397
339
26925
32596
12525
26725
9190
14230
9762
10522
4622
10380
15414
23098
6616
24555
18715
15550
28651
6417
20169
28307
3860
9706
20623
15002
22583
24336
4774
10739
28300
24374
30732
14971
9223
3526
29327
24211
2584
15561
14632
10788
31381
24072
14475
20704
11509
4976
29180
22986
11198
7867
15460
11256
15936
29773
7076
22679
6788
30044
8745
17969
29568
5460
4289
8491
14220
28282
10413
13714
4890
2511
25591
5655
2977
24119
2054
13399
18138
19162
18031
20064
21039
4299
24590
21873
32369
4072
32342
12802
9161
19201
14053
2308
25073
30524
27995
26218
12451
6839
1901
28904
21586
32368
10037
2811
2841
30562
24524
1321
1521
19185
6171
17802
550
12936
4078
2183
5900
17025
15178
7906
3054
14405
26625
19703
19015
29620
24963
12097
16436
8135
1783
18463
18218
20083
1931
6872
25316
3025
14600
30685
27808
11389
15529
24143
32395
23356
26157
5825
13178
10721
6443
27455
3802
10609
4262
8335
8426
19845
17633
5302
15144
7920
25460
9919
18696
418
3488
19383
8428
4556
20704
29948
24913
23621
3520
11192
11846
30253
16626
1448
25379
14288
25247
22306
3191
7884
20475
18006
15938
7031
29468
9172
6757
19835
7436
11342
6998
29635
17949
6047
30488
5019
10364
6413
11883
6930
26889
13515
7232
675
16998
3778
6511
12821
26190
5778
2220
11424
2345
13523
24248
18513
19421
23968
31444
29872
30694
11350
25467
21663
16809
27801
15184
12165
1285
13464
598
32172
12332
29842
30559
5096
20657
8090
11719
12922
30434
20887
11105
31539
25431
5774
8882
4829
13003
14116
7517
29142
31787
11870
10975
10238
5357
11436
26492
6099
28579
19494
28537
27867
18640
23061
4748
20803
5626
22965
23441
9925
27392
9273
16510
18127
18862
18960
3737
3553
3983
6503
26345
13878
30210
28143
24298
17832
22672
11744
6533
4814
13693
6206
27710
9575
7325
18523
25776
30203
105
4765
16950
20671
7506
7809
14316
24506
27478
25056
2774
8230
19920
24945
24670
18201
30100
23184
20740
22884
10555
14909
4945
31419
26556
1384
21260
14359
6461
5740
2225
20825
16936
21465
25887
17968
27776
17526
9617
10812
15222
9350
25551
1140
23863
24651
13990
15813
20233
6089
13973
25339
10134
4044
15049
15845
23431
13356
25164
2484
12373
3920
15737
18085
20828
23281
11187
28896
15154
3616
16726
7839
28982
3211
18926
18834
12652
23292
15015
18307
6792
32034
10501
13878
30792
24724
6613
24211
10759
30995
15460
21254
22416
29199
26094
19751
26672
6509
24921
3734
28687
26504
26403
18729
1983
18550
20890
21066
16918
2700
24907
9626
13369
5668
9660
31451
17402
21149
24158
29452
12388
23716
26557
8405
2195
29106
2298
28710
1226
13526
13691
12572
30143
12469
5857
18980
15929
15055
29498
21858
2781
7172
17272
11604
15429
8790
3619
11442
14163
32752
23114
9625
4037
7016
20159
21481
16649
13633
20868
20204
26962
1716
15232
15928
15083
15791
29814
21974
6092
31263
2872
23971
2923
12395
7704
18423
5844
5440
10144
7045
764
30356
899
13442
11602
9701
16338
8458
664
22466
3699
7359
7153
7309
27344
28595
12859
22143
18380
13448
23454
20716
23035
18901
18277
23753
21010
29388
27661
5739
7068
27418
23452
14481
29679
29199
12853
8357
27999
4351
21224
26687
12977
8424
26318
14315
7891
21332
21078
14124
31946
17025
5338
15809
1003
19648
18038
10790
25678
16155
10265
350
30592
4922
31196
15344
27000
17544
2963
25648
28108
145
15266
27071
21797
13998
22547
20053
5873
19173
5605
4030
9047
28683
4774
29475
4464
27947
5188
5515
32180
21036
31520
26017
11442
24493
6756
27320
17925
9780
27287
32012
15235
8328
19054
21323
12471
19803
16869
2388
30354
3116
31631
1086
28509
16748
26666
22428
28402
1504
16503
4095
27436
25926
22857
1725
4252
28731
32219
8945
3965
9564
17510
11203
13546
30124
4339
4074
9295
26678
14958
18031
17694
8435
1533
11443
14531
20205
27792
1459
27865
17829
24248
32395
7582
17842
31420
23609
23716
14508
26858
13988
28618
25672
21035
25821
7275
22724
9434
32420
13013
7814
7126
5934
28157
26368
15318
5413
31601
17622
15101
19441
16269
12099
1711
14902
10738
21689
23458
4509
11828
199
9272
27608
13523
6464
4364
20704
6253
30362
8138
29313
817
7060
1093
16665
16535
4123
10179
15773
22350
25455
12955
11484
32630
6530
21507
4104
18704
1953
15395
1650
1715
25685
31854
31893
20608
3724
16945
19542
13144
20468
8044
12938
24652
7848
21986
15801
28756
8718
22636
6689
4164
32511
30354
24318
10493
12073
26204
16649
22496
26546
8294
20031
19337
21278
16947
5859
22713
8819
27331
26566
23443
14747
17768
31174
14604
31497
14037
14997
5277
30368
24696
4796
3642
32720
28170
19679
7304
28418
24932
578
22347
4662
20628
12428
17949
4330
18992
23755
1894
18238
21482
26553
25480
23639
14181
30526
8282
6145
4423
6453
10456
15256
22160
883
23833
25128
17450
5381
7809
11219
27840
31930
27703
14451
22740
10466
9177
13697
27916
25684
14959
822
2765
17590
414
13551
7947
19960
19743
28886
4960
28450
3183
29375
21851
15440
11463
13904
26650
2554
22350
3173
13339
19833
24462
8114
2383
26311
30244
11435
1904
14215
29628
28832
24725
11077
20541
5165
10756
5374
6721
5329
12103
1507
712
29149
31618
346
20781
8336
3331
12870
21337
2944
26395
1416
7734
8507
30252
19910
12902
13871
31236
21610
22838
15815
27241
31726
19917
7895
2549
22360
1706
10042
6949
23296
13133
25274
27564
2713
16947
22831
10765
18543
776
30699
14696
10734
14617
10838
30612
30052
12808
26070
10607
11528
13507
11506
370
19258
23734
19894
29833
5132
13632
24409
20769
8194
10596
17181
19586
1046
7106
11383
31327
15103
15045
29808
25259
13235
25885
15435
10671
10539
12912
9064
32346
10086
29772
5224
17112
25008
17249
28050
9062
15908
27885
2165
3940
14960
21623
25807
18603
3544
7616
31406
32034
11390
13047
30677
7820
4064
31532
27745
27812
26786
21767
10925
25964
7566
10682
24178
4034
15321
11316
7987
21556
15527
6295
472
22549
17362
2029
28057
3792
15335
11287
14365
30077
29554
2053
19683
11442
8060
30765
25570
25756
26449
7989
2924
20302
23943
2803
2392
3416
2619
9624
22368
18588
27294
18216
16072
29021
2481
31534
22337
20889
5708
20141
27916
27289
6757
14937
4706
20678
14223
32007
24596
31166
3265
31331
10607
12455
10585
29153
10082
9412
12640
8694
24291
17989
5904
11143
18062
25956
3475
18850
28559
18349
6414
12652
13763
10141
24542
11866
15130
21103
8482
20132
12864
22579
29817
13303
15484
544
14093
23659
24280
811
18896
30644
21122
5849
1285
7324
13426
593
1283
29361
22605
11189
13365
9274
17033
15282
13926
11376
3539
32086
6459
21995
16301
28706
28161
32091
20572
16481
12457
27768
27137
6584
8209
24892
8966
2045
27526
5455
14267
23116
22918
22979
1857
15448
19402
6913
22440
31232
17540
24835
9556
8483
20709
8132
421
30132
31970
27637
17623
27665
13368
26610
5926
7568
13485
31988
5430
27483
30105
13448
5043
17279
10406
17984
17972
15423
14292
11688
19814
31150
25792
23675
28774
4477
27941
23831
1390
24849
22691
31023
19892
2520
21439
14528
18575
2014
15404
19782
16860
5787
16969
15663
8096
22544
17386
25488
13039
29202
17499
6167
4108
5605
9634
4929
12753
9740
1797
25292
27729
28256
27852
624
29373
8800
5448
27850
29828
5576
7956
14489
5566
25445
25755
5676
18123
30247
12506
16667
16183
10360
12648
14902
8161
28108
18867
23995
93
14969
11148
10700
27542
7626
22758
18719
4024
16974
29402
13816
9549
18550
31215
2388
20902
12127
25497
19047
2172
16365
10495
21065
12503
11801
13057
6125
4399
25740
18298
30802
18129
11884
23490
20221
19589
13174
28792
29350
21614
31309
23166
27186
31025
25873
7492
28129
2650
23604
14922
2249
30715
7049
6624
28291
8597
21918
28977
22820
3132
8524
18815
878
17399
25996
3248
4936
27750
14220
15114
2156
17575
24323
11835
864
8825
29889
3484
30887
10402
20362
22454
9272
15503
13092
9478
20783
32571
30127
2045
18883
19794
3893
11851
888
2709
18306
10077
23445
15488
30262
29732
30681
14378
2328
17433
8042
26478
17581
894
8206
26952
29450
7910
5021
4481
29926
8183
6583
2959
26867
1903
22962
9399
23919
2149
24790
372
16373
2258
12493
16924
32666
2895
4693
23233
5429
26144
56
8789
26110
27506
15998
23826
13403
26337
29153
17945
4854
5181
19329
23642
3603
29582
7385
30387
32545
7765
26610
25436
16014
533
16342
5762
10208
9234
3400
11314
9218
21081
2994
16761
11739
26112
4703
26826
1317
31407
32234
15775
893
16224
19959
23395
18358
17506
19232
15248
11123
27300
18739
16149
14069
22576
22938
26362
1841
5622
538
70
23078
15051
19393
18209
13677
18353
15897
17718
23314
6489
6818
28507
162
4838
27775
18036
31877
26100
16496
32660
23950
7129
6400
30566
8401
17450
29440
29900
31157
27778
28211
32453
24650
17790
28235
18836
23004
6412
18452
32543
12232
30182
20208
26261
2190
13401
22147
12115
5928
14411
31919
25353
21658
5244
20419
17176
30667
29452
9455
5439
8083
26430
13052
9079
25365
3195
17721
29467
15439
5786
6841
30540
239
14174
17851
17044
23912
32064
8042
31689
1606
3951
9159
6709
5054
27414
18915
11507
15242
1501
11345
12700
23796
31154
5595
15908
4912
7625
18036
510
16878
12513
1134
25223
20528
30922
19949
13985
1369
31524
16028
26014
15495
13161
32158
28001
25123
27182
18376
5055
28599
4517
27149
18219
23039
19303
16441
29331
9538
31600
3043
18565
5090
3179
14236
18838
9011
18737
23149
2564
19081
28556
3969
31386
12437
24640
30238
14548
19185
4172
28122
10820
7161
8045
25355
26420
733
14308
16255
14477
20980
7033
21357
11512
8019
448
19116
2370
927
11163
547
6149
15135
20480
20865
7301
23829
17916
7470
27864
7503
4088
17537
30538
19449
11324
16435
14079
1973
20145
1299
23514
21998
26603
32508
10654
5480
7526
14340
21075
32540
5904
32759
20460
10564
17928
10244
294
16562
2214
9909
3507
27749
20411
14373
21912
3934
10522
20077
28628
23728
21335
26207
31810
29143
16078
5239
19648
27466
8167
24078
10641
10068
30361
13009
13568
11039
12077
6770
12870
24082
16453
27293
13230
3932
27164
6446
29687
31185
31503
32417
24314
14838
15709
7369
3469
27223
29227
15813
14502
23073
32203
32561
26564
4588
10557
7577
24202
6873
7414
5171
3501
15325
30945
25805
2833
8540
11684
7172
21807
8954
31524
26039
26042
7086
14411
17851
22402
2072
18441
18640
9112
24340
24472
16852
14771
22671
517
26423
30674
5785
21740
25775
17699
25788
12931
13613
21540
396
7385
22799
20488
9856
30304
15511
31068
16896
9130
25244
30186
6079
31344
10111
22494
15179
8664
12385
8231
6371
18423
23187
16416
136
20629
16206
24176
26454
24881
8101
25391
21269
28229
19639
3914
9228
11724
24617
9000
12565
4864
22740
22669
27127
14184
28602
13247
29679
21778
14655
28648
29840
13854
26262
2748
32462
15740
15225
13147
22101
27893
3101
8313
32031
3184
22373
4540
16197
22126
20822
101
12565
19928
29131
17203
21350
8442
23401
10628
21032
15823
11990
20926
4415
31615
7718
16109
31634
32038
21654
29102
18526
12759
1661
2123
10961
5601
15743
10791
8148
6480
13572
16989
20008
20407
23272
19876
11444
19757
18549
16246
25373
21654
18318
17009
6296
15140
14380
22525
9468
9501
27151
6959
22556
32734
16045
10989
19283
23840
10095
32595
29024
4986
21532
11862
22644
18471
9621
25511
21130
17930
14532
4058
30711
17903
7631
4808
14402
3092
3985
25906
27957
32488
16202
1447
9268
6930
2197
11431
4558
26805
8603
3080
25490
22002
7047
7577
25636
6831
18234
17670
9616
2455
21055
18683
9693
29282
12289
26508
8678
31063
9019
2517
2661
2063
31665
23261
20305
15227
23582
17857
30058
29481
7277
7950
10770
26050
7211
32110
18782
24280
6461
1415
2669
2526
24270
11552
17912
28280
24716
14725
2859
502
5652
32045
30387
29210
10922
6299
25
3362
21806
17026
12622
27394
27723
23340
31879
15346
2802
20252
9290
24616
22791
3315
27081
11495
19546
4752
30064
696
30168
21883
11706
6392
12035
2692
28744
8850
15263
4263
24884
12302
13230
819
17571
29387
18847
14124
5785
17800
16579
10221
21778
7721
10240
5905
12366
19640
11465
25492
5484
11179
6733
23606
18234
9573
22767
4384
31052
13055
503
26826
8523
14407
23431
31772
29328
24841
20688
32212
14321
25486
14981
12583
32731
19555
2960
13227
20130
14171
13829
7796
19220
6615
23636
17021
6484
581
8898
1098
22502
28903
13594
6860
29446
11734
21663
13701
16958
16454
582
19949
9271
27403
6434
10259
3280
21085
27936
18055
14701
11992
16884
21880
32657
12742
11859
20762
27056
32417
16227
27466
5694
24020
28784
29813
3340
3266
19168
19382
32468
20233
17001
6718
8979
9480
8577
24057
10262
19359
6678
1903
26968
26933
20096
12008
24587
3072
26292
9427
501
23936
1466
24936
637
12109
13153
6029
10758
17683
3633
28406
14203
32731
22945
10641
43
20108
15498
14369
16856
1969
17372
552
23306
4220
32144
25867
23977
29963
16349
11889
12235
21995
28847
5612
11979
20187
24917
31195
2203
15058
4729
25487
16219
31043
29782
5804
2858
6303
30501
12242
3644
2588
32728
5757
3884
17077
5387
17962
11668
28017
22584
12988
17628
4841
7978
19485
29007
23044
16820
25896
27508
17926
28578
455
11675
5577
8944
20568
6070
10313
570
21078
1386
2663
18292
30773
2662
4582
32475
13453
18676
10682
12843
19067
5837
13186
21523
23365
25650
8787
32742
30524
6456
12983
24979
13799
23908
25589
22999
6493
32119
5779
12977
16627
25483
29722
30743
12055
21855
1049
18663
9852
27888
4716
13344
25208
32585
19134
30290
11946
26011
11597
11091
8671
23696
16621
18484
54
28125
9808
29043
2179
6167
28804
370
12530
10439
26301
21288
5869
31936
4949
9495
9791
6832
17425
10366
15225
23542
24486
4303
17812
6067
13436
14179
10969
1060
9393
10093
29950
16943
21345
9773
2194
18235
14117
2918
27547
6469
13785
32273
24445
4400
11683
26963
21021
5981
3888
15789
27207
3708
27969
21107
13133
24738
9575
31615
11249
25243
1546
10022
15493
385
5552
6251
22609
28301
24444
4467
20021
15662
26869
569
3216
10072
13578
3971
23648
27679
30802
1557
22442
31876
25240
3620
7964
27279
8598
13069
4849
20126
257
4935
4885
5884
19398
19606
2697
30133
21140
30850
18954
24745
15258
19720
30189
22496
32658
13711
2894
26141
14334
30750
16489
4022
8881
15051
17480
9122
32402
32119
8607
8916
9629
23480
18676
12743
2090
11031
1538
18523
28018
18812
25696
5087
7503
12262
18270
16239
22339
7519
14640
5760
15036
28208
13646
13753
1174
29521
29210
15877
17890
24099
28099
15846
30694
5217
17002
17676
4452
84
1412
22054
288
12615
13952
11000
12700
24635
169
32429
31270
11484
21581
21103
8468
9907
6943
24630
21327
30364
3034
12253
13582
15483
24871
635
28644
29995
30657
2032
25085
31927
6103
4798
21157
205
28082
15899
20489
30575
30103
14916
6722
28140
24303
13075
16271
17423
10917
1236
19938
10134
2256
13141
15775
25573
14738
22332
31136
23036
30015
30109
10364
13479
8130
30156
6921
11508
19261
10608
1055
29418
19952
6873
23967
3704
28508
5524
7860
19628
28840
7484
10073
3366
29763
18066
1308
971
2251
9936
29985
17086
23342
19771
18281
8332
21519
31480
1876
20134
9323
3360
3429
13333
1404
19735
24134
24681
12253
6937
31500
10994
19952
10005
1723
21043
28029
11199
25869
12180
13467
24545
13935
21335
24020
4593
21837
7373
16260
8681
14479
8906
25218
19795
24420
86
27650
419
10814
22949
24250
10442
17694
11594
30532
9224
1809
17831
10180
26882
27386
24232
30410
29972
1427
21425
17786
2792
7343
27092
16618
28232
17346
2632
715
4656
8610
278
9548
27944
17295
5142
20027
26576
8562
1562
30061
6589
14178
23145
27233
18563
22636
27759
23840
23827
7828
12210
28263
17224
7191
11272
2824
26556
12787
2568
5774
18400
12201
17342
10528
18508
8258
19875
25768
17747
26768
19403
9524
4571
6838
10081
4252
22635
8939
6225
18789
4742
12666
30532
18661
2616
1549
27601
9384
6638
44
19185
17171
7819
6401
14772
17223
20407
10846
26675
7240
29306
9985
30918
14175
6667
10262
26487
2492
27362
29693
1462
29024
5140
25166
24142
22842
29408
16666
5527
26768
5253
8052
6637
16801
2647
8496
14434
5001
17426
16363
27056
868
25710
7500
27506
12470
17396
19080
31123
22795
5647
10540
15366
24282
25702
18711
15543
14255
21609
26565
31170
1417
27434
29908
26596
24449
17263
16320
31022
3501
27141
13042
31745
15428
21591
16377
26166
27139
9535
24855
24733
5583
13339
21503
9897
28571
2596
29149
3689
4236
18939
18583
19642
32347
13701
22866
18876
32252
17913
8249
6530
31101
2615
18809
27918
32048
16220
14224
3964
4108
22419
16072
17277
27473
25390
14846
5383
21867
4085
23720
29515
9241
12989
26135
9960
10702
3901
6649
30814
4696
21022
8737
6853
29375
29009
15755
11967
4208
26277
24730
29099
9114
30873
10917
27931
6361
1390
21682
14984
5650
1153
32129
12101
18078
12760
30413
1202
12970
6139
30670
20658
9693
27653
22786
25183
26940
28666
15661
22268
21579
20315
19359
31530
31093
10744
24501
19551
29102
16646
20898
11925
2903
31345
15471
10815
24674
11892
25921
18049
6070
29542
10203
21408
21973
23511
3171
14776
8380
23259
27241
8109
15115
17062
15653
32355
14949
4441
3328
29746
23834
28
4695
27796
25347
2157
30075
28705
28078
21431
20476
12478
11195
18727
21287
9745
21382
11707
14285
20024
12551
2716
23366
26298
19190
19885
11702
12733
25394
22628
21903
7034
22115
28889
11351
21487
7902
18716
30892
12499
32458
4300
2437
27599
5505
17637
5818
4331
25657
12762
2759
12615
1508
23524
6605
11787
7765
16793
18905
12192
17571
11456
20585
7457
27858
1380
26924
10252
5296
23335
2570
16446
14334
6361
6244
1054
20432
5705
925
280
24887
31835
26841
22605
24348
12123
9220
7048
25455
13201
29207
30324
898
16406
2198
30733
17327
29670
18013
4181
28225
24885
24989
5704
20882
25351
14114
27153
10608
28923
7895
1918
14277
25959
27019
7346
20599
27050
27637
31002
23694
31934
15094
26786
6293
18445
32031
20264
4674
13958
30067
6192
10585
495
11118
20186
6093
10877
21574
29202
17704
3234
24944
22791
26926
2342
22630
15326
16829
29561
22440
13479
24568
14920
27904
19600
20645
32334
8459
26968
9170
2925
23541
12039
6079
26621
1924
10717
27384
28260
4696
21640
6594
9446
14449
20122
2744
18367
13553
22329
28342
14703
16675
24600
22518
19798
1213
19623
19577
8320
23394
12679
22441
29890
4971
10305
24380
16902
2535
2871
16219
29155
18400
11739
29188
31089
1249
25886
17837
17755
12980
29740
26410
11317
30320
12630
17104
23312
12980
30543
219
28748
1837
13980
8461
14510
26974
15174
31128
17074
15008
31442
7486
15395
32615
32370
27831
19944
7112
15741
22355
27169
14648
31773
3808
16499
14743
584
13006
19615
23405
16113
13969
13146
29555
11135
1863
24921
24405
894
13467
8363
5558
9364
8425
6219
30580
10935
31907
27126
17966
7326
4339
25146
25604
15477
7585
28368
16542
20693
20024
20267
6000
31219
2660
13137
25404
26392
9631
15594
10968
81
12812
5782
2865
22631
31395
5508
8848
31505
26767
6465
16668
27497
22484
7629
673
26269
7989
13300
13711
16103
20309
21467
13126
25279
27932
15834
3472
25679
11100
23945
13679
5415
26549
25374
32538
2610
28342
1782
10050
7144
19268
11121
15769
14022
9536
20739
6293
4091
29540
4232
13937
4709
1134
4056
12150
6075
9089
9372
7544
16908
23496
6496
7331
2408
8028
18665
18808
20957
21864
968
24594
7589
5003
29743
24750
12189
1661
29700
23914
12793
19958
2356
21837
13622
20427
31818
16520
6993
18010
15680
12795
17207
3625
2708
12795
2172
30410
3743
13907
27471
6914
26403
23432
29870
1066
19235
17250
10966
7380
17143
15527
10750
14002
9887
6186
13636
10164
22104
20228
21480
17009
24941
24098
20152
11720
3920
31488
8651
24519
32489
1459
13938
16331
20526
23597
31084
13289
3060
29373
8537
7565
15876
21973
14705
2401
30066
30992
17526
5745
7978
30579
3047
22668
28364
10484
28535
14829
18874
12600
18622
8219
26735
27553
14125
22541
8722
22664
26695
3474
5706
28615
12302
20976
10581
31867
1468
30155
1620
26120
14516
14921
7145
2653
29112
7540
18180
3449
21596
17888
8186
16941
21691
20877
7640
4132
5480
3086
1014
31522
25000
20459
19919
12169
6110
5957
3343
14369
6214
32696
28142
16664
3046
17798
21949
3144
6082
31217
20414
31417
20560
30952
15417
20327
299
25062
30156
3909
7435
6168
24835
8833
27125
3518
6697
6922
15791
24275
13661
17488
24183
32496
17640
24651
23540
32366
6605
13758
29805
10955
29346
21437
23097
3662
3231
11885
28023
4846
19189
30987
15871
19569
26720
24879
27032
11729
26368
3922
10859
11747
12901
4238
10679
7994
10217
3494
27335
16202
31042
29510
25121
16585
7511
28556
3329
21851
17235
26822
7429
31341
31736
20862
3114
3425
3383
32180
11511
27372
9213
23914
2808
7613
22607
16486
12142
24672
14233
1843
7749
30305
18755
25961
8006
8372
16774
6446
10126
12628
22142
15357
30527
555
27520
4262
16245
21298
1709
29334
25724
21465
17607
19033
12352
23465
16196
11101
2308
5672
6305
32505
87
9725
8953
24749
20036
852
21718
4012
3274
6532
71
6551
18316
26607
51
8844
13256
10794
20460
28255
9357
19295
16647
3879
3881
10479
17260
23805
13281
26715
29609
6912
16102
25700
25484
28061
30084
30065
20720
1549
17307
6450
16087
10014
15699
15747
9401
26423
26892
12947
10268
21398
26004
2117
5221
22749
16541
23254
1262
5325
4462
21185
30040
30033
11224
23519
11299
18622
32620
22483
13179
9049
30443
20389
21589
15898
27646
26797
18363
12975
807
8371
4708
14532
1016
5460
16008
18562
387
23207
26610
18005
26385
9505
20055
7155
15639
19126
25062
25242
14949
24385
32288
664
30113
28710
18154
27665
19188
9014
23521
19709
18947
15571
21997
26736
16417
20820
17177
29470
12994
9643
5282
6430
24115
836
13133
4334
3209
817
11774
24504
22744
5253
13959
13011
12965
16893
24766
29325
13725
31462
22482
29224
10631
25402
32223
24866
15991
28429
10687
25018
22852
19751
30500
26799
1085
25843
23779
19019
22552
27544
32147
6304
28971
21605
26199
14098
17631
8306
12280
18197
27489
20868
13879
21048
12698
1074
22881
21859
1890
30022
32291
4444
7664
30310
16288
17552
19093
5620
1985
12817
427
32306
460
6619
32200
20394
6969
1627
26423
31437
1729
4914
4008
23770
30135
4406
5670
9217
31643
11193
1866
16073
20461
29455
19886
23215
25151
28746
1701
13839
29838
9800
3881
18760
12242
9200
23829
2844
26324
3000
30869
21589
31552
13418
10714
9902
6395
18217
12050
23280
15286
32431
3735
31324
12996
27608
22886
18249
5928
25444
29140
14606
26611
30968
10876
28450
16589
11111
20860
24450
24273
9776
31713
17491
26526
15432
9567
3273
9898
25
30790
21831
13530
7370
20913
10952
15952
21697
22016
7549
23173
18790
10633
26295
10903
28714
8587
9736
12772
22729
355
31141
7383
10443
6147
30223
27138
28753
20895
16627
10605
15374
4521
21326
17966
2196
26880
9940
3642
31441
31845
21139
27771
473
12078
23252
2339
17894
26174
14402
17471
2204
30516
23118
16015
23186
6115
10449
25749
18959
25091
18675
12268
28433
16165
10573
4827
30868
20717
6474
16938
7952
10619
28627
20788
8260
26666
1323
21566
10290
3709
1047
32007
19307
8534
22083
26016
30348
27241
12257
32126
30473
28145
32403
19662
297
26785
16267
520
22354
27102
240
32199
30343
24107
4740
20696
27695
7653
10629
24721
14616
21552
31697
9572
26043
21041
5709
14260
11202
8830
29318
7910
22727
28882
3993
5820
20063
6662
4689
16094
17239
30780
12432
26810
10813
16222
27632
30606
24866
32199
24489
1731
3743
5439
9654
19069
20502
16429
5939
24176
7482
30472
27658
30453
1234
18959
32206
10333
9914
826
12775
14469
3882
9328
20208
11946
22330
5626
16733
5503
11942
6456
4961
9085
13007
21394
7183
15739
14083
1458
10687
1918
25086
17136
11187
30674
17585
15630
7930
8282
20034
30758
17045
8740
16723
31456
22233
32576
3719
20200
27668
16083
14402
26016
1139
5991
9137
13586
3363
4997
31499
8488
29367
25734
1302
1311
21706
22438
5612
28985
7397
8538
31999
28850
31907
29412
5211
27638
5906
3620
21803
31505
22877
19377
5503
15463
18088
18216
21324
933
15164
9668
12468
29943
27364
11055
1416
24700
7830
4248
10764
29175
30038
20998
24314
2247
11352
26092
30409
19481
12901
4861
9262
20316
2687
22593
4580
23285
16840
7017
10153
11572
31904
4448
8329
18311
24334
5410
22110
7150
21601
24785
26264
11951
31255
23814
5178
75
12797
31333
2853
21424
8088
18804
26777
9392
5316
17581
11513
25266
12699
209
31438
17320
15256
14208
18191
17217
28668
24583
24224
8799
21873
19065
25880
31435
20718
28929
12487
15144
474
29558
10232
7973
10612
28976
883
30711
8562
13594
6726
22791
9704
26633
6853
31975
30316
15692
21712
30347
4728
19845
31060
694
5392
5047
29460
3506
29604
16543
15530
16708
9271
22600
22472
11999
28353
19930
18884
27160
28114
4530
16724
10074
633
17848
18838
13019
16228
3053
11859
21454
3912
9028
30084
28635
6788
18099
4629
716
12289
649
13290
16009
13660
29698
22816
26438
25159
10009
1173
16379
19244
1693
15786
6932
32532
4743
15687
25450
15560
20619
27680
12659
821
10989
5687
16565
277
12694
30626
22913
10188
29031
1679
733
26000
21965
7813
4290
19149
18582
28909
25224
7880
1027
24272
26014
10114
19230
8162
12414
10463
31821
23232
18912
24327
12840
4726
28718
30733
26248
3396
30009
20687
19424
6306
554
31005
20689
20097
22459
17181
504
16340
24231
25069
15883
10319
7262
23435
28708
3950
24574
20978
17500
31418
15231
26502
2716
5448
7469
17074
15280
28802
7516
29904
21661
16937
21591
18505
31797
17307
19609
14845
9960
5714
25920
8677
11485
20910
14526
20214
1602
7668
23506
6729
8672
150
2231
13690
2546
15797
2715
14414
19255
29412
32082
12696
21062
20271
13644
16221
13090
3164
25540
29238
3854
3440
19259
32758
3234
18037
6181
2445
5663
20859
12770
30764
20992
21725
6127
13738
2513
7877
8030
17447
29508
6642
9347
30959
3970
32697
1265
24224
5311
27466
30117
656
5649
12853
2432
12649
23938
9773
31739
26390
11364
9227
5142
30179
21988
5142
13201
10463
26594
16257
26207
25989
22016
7989
1624
4252
23289
2001
18222
14940
1077
22255
16034
21970
7066
1450
15607
32646
25508
17501
2471
5978
22968
940
22614
12725
29365
3785
2564
9185
1485
6896
3718
12210
22931
28724
31287
4713
1876
3966
9195
31447
10411
31187
24356
10950
848
31957
9865
18324
10033
10381
19091
7713
12996
21095
30858
24044
12699
18814
11696
3960
18745
8218
27324
18933
10276
11895
15241
27676
27451
13001
26384
23643
27978
12924
23444
5170
13532
192
11036
31453
29776
3653
11302
21299
20527
26179
4762
16590
24509
31934
5373
10348
7118
12808
29159
28565
12251
12167
27063
24446
24917
440
133
12078
313
4980
7256
30943
7141
28275
21401
7847
23338
25870
32712
25175
20130
2377
26734
13476
3652
5392
6739
32644
27445
10177
16112
28635
8929
31979
2087
599
18507
86
1074
22424
22433
25411
28122
5013
10260
5876
19689
19515
12263
20591
31457
19287
20165
31104
24558
10165
4695
13053
31770
31113
10518
19533
4288
11791
30558
21547
32323
15983
708
9896
10751
19939
10154
7279
128
29467
19729
16205
26610
12513
2734
10225
14041
25081
30015
26864
771
7243
1311
11020
23738
20292
19224
24245
19006
8569
26489
9936
6002
20877
30569
24760
19925
7765
27771
28034
26804
31291
643
8326
6558
3552
18343
30490
12569
19974
27321
32161
32659
10412
17348
1477
17051
3450
19172
4608
29265
21856
29019
6753
795
19835
4322
3725
28570
26936
25917
14596
7901
24507
17426
26533
31444
14466
1787
32117
19207
2885
23514
20892
10119
30497
28525
32688
6181
5366
9762
3382
13283
26894
22316
2150
21672
6143
15830
1071
13112
25298
5399
5499
32610
11876
4455
13748
18556
6669
11474
11911
18956
27008
31051
29416
28872
17906
27970
2390
11201
6783
24185
27488
24027
4041
7955
32360
896
27362
28910
2471
24725
21356
17202
19825
19117
17662
28202
8122
25469
12234
24915
12762
22417
3197
30643
25485
30013
26471
26220
18238
12245
9948
31121
15237
25376
4314
4920
15854
27403
21483
8401
23292
25499
5965
31414
24429
9509
22097
25091
11968
20673
2817
4263
25333
252
27653
4027
6548
29389
16840
18451
4592
15051
5846
275
173
23196
18313
16836
15488
19121
13540
18471
10294
19504
7871
2762
32248
5938
26916
30872
24525
14639
20730
27381
20832
14262
21472
32267
32516
19298
20316
17246
30197
18185
6965
679
12768
32566
8989
31967
9126
17882
17299
26010
5470
20030
28168
1686
3993
3388
22593
16788
9193
27055
15100
25702
16548
20776
25558
842
29157
1251
7788
19830
13268
13049
14529
4084
14887
12246
9952
23216
20713
25582
2498
31696
14970
16812
7537
17731
11992
22443
21102
20637
24604
21289
5712
13602
10312
1721
4015
25632
17471
18743
20800
8067
16405
16641
18497
16035
30857
28516
27160
13664
21968
4181
25911
4465
9109
8802
22850
25081
10813
10984
23156
15707
28015
2693
17471
22864
13268
30160
7986
26935
15387
26184
7712
13996
17217
6027
30335
10331
16399
25801
6158
11030
30692
6775
1979
12582
20660
4168
25027
15327
1105
8025
18203
9080
6377
18603
14863
4377
17104
8151
11817
24372
4992
19965
20308
21529
6623
16638
17473
27333
22464
23275
28682
7675
12459
13757
30485
27031
13793
20294
2876
30238
29595
12647
17194
8857
9107
27268
264
24740
26821
27189
11354
5826
30839
5694
17187
31987
21623
11202
1616
10121
31396
16563
17747
13367
11695
31117
3343
19819
15139
18244
15860
30685
25251
16762
19819
24168
17011
28918
13940
4122
27963
7762
23949
25735
3335
30963
27607
31330
14225
10815
25972
1102
22467
10505
32563
22513
20600
24912
30575
29514
15491
1066
30260
27717
28658
5115
14500
32397
7828
234
2969
11170
19384
27030
22924
8491
26424
21508
20406
22925
15286
29405
24180
10940
4646
19158
6384
14162
11916
19567
14334
30174
2567
13792
17476
17022
28175
20816
11166
11952
21755
25417
17857
869
13254
23913
3102
10583
4370
10586
2313
27549
3437
8196
16922
18556
16596
256
8659
17537
4469
32336
9348
29644
26553
12366
19564
11695
25474
1507
8481
7800
30386
1273
15922
11146
2284
28467
13578
23987
2206
7899
17943
17849
3391
12316
13612
3894
28373
19057
15652
13734
30395
7773
26313
4031
3489
27485
18164
9473
2772
8731
26613
397
2240
30436
25140
31802
25267
30812
26649
8934
16355
32368
18730
16650
20403
1421
12403
13457
6962
18959
8747
1259
4068
14333
31892
28765
10182
755
35
25499
21132
31327
8929
3992
1069
28144
13073
4509
3233
13900
3347
24985
7401
13826
26760
31416
7505
26303
183
29238
14578
18116
7216
28790
17018
14999
14254
16462
22064
14073
22594
26789
23858
18201
18606
1089
22017
17159
17935
19418
1600
19051
24512
1651
31161
22391
3706
21482
29345
32282
18112
1485
12061
11127
2682
31343
10245
31125
15840
11835
11495
27480
17305
30537
335
9392
9252
7983
24389
29456
17528
20250
792
14882
28647
541
9306
6329
14664
29128
44
23047
30549
12541
22716
1808
24658
26879
3595
11358
2288
27852
13300
10230
19056
5805
18794
5004
21515
9227
29953
7923
27538
900
27311
28375
8530
18750
24276
21422
31546
15739
10873
27884
23360
14702
1237
3190
9472
17998
30230
28250
26278
12968
26462
6333
2319
4601
29707
30741
19243
23164
24635
2968
3238
5441
22671
13811
11207
21631
24368
1600
31384
25643
2576
3378
3911
26825
30323
4755
29644
24707
5549
16113
30924
14968
14125
3476
12221
30806
29626
6835
20556
3627
24061
8679
3323
29816
7232
16607
6927
8328
20341
21078
29097
22271
27514
30018
1075
3254
25755
5198
31741
18886
22105
395
13608
17123
1897
31330
708
7404
28416
10190
32309
3775
8014
28360
26075
21842
14664
9474
20210
11776
19883
32215
11958
19232
20286
17282
32459
30428
31319
12431
221
22593
21920
32144
25988
3730
12315
30481
23146
5858
16484
12238
17327
12257
18743
8995
9356
12279
26417
23491
31543
399
27611
29357
5127
14774
27108
31324
6105
31972
22190
10814
22962
9753
25869
24168
10150
25644
32075
16264
8952
16736
30319
10011
25474
18745
29886
5088
27223
16526
4483
17036
10152
9182
12300
16063
6116
24552
9205
55
15395
30837
3241
26692
29125
4473
2597
13179
27990
3674
12031
13231
23733
15248
21415
26141
29814
13934
12014
14823
27780
1855
22468
6852
12299
8597
5190
5109
17557
16094
6648
8059
11379
18232
9038
30087
18526
15495
32370
28722
31838
23492
31041
22382
7147
26776
20118
10556
24914
22313
30924
12832
29787
18484
3454
2514
17449
2908
1681
18487
14433
7105
7285
1679
32143
19157
5543
240
28869
3435
12155
27635
28293
7953
1048
21165
2272
28576
4548
4321
26848
3857
18274
15731
24356
2962
14904
6432
26570
30169
26870
21869
9618
32697
12276
18397
6207
26867
21180
23911
4673
11854
16072
25127
12690
12010
27533
29012
24542
15313
31672
8562
7654
17871
951
16585
7718
7556
6523
13845
29365
31159
4476
22911
21102
14317
3326
22988
14669
2874
15763
469
26651
3416
482
29239
1870
26102
16294
9035
28971
31826
7930
17241
26413
26378
2771
17672
13994
3632
6862
12825
4276
13212
18988
5717
6462
21894
8218
5828
29055
8020
11574
2336
16796
23728
592
8073
1409
8926
1133
31866
8463
9292
16914
17148
32637
25195
11711
30490
16888
12734
25017
17044
16781
17457
20748
29144
26697
11691
2513
15661
9631
5862
27821
12850
521
4735
32154
20871
5618
18505
12778
13514
26580
27367
24457
20677
30110
11162
12674
10213
27992
8279
17860
238
22793
20509
22567
30190
16857
22917
7850
28528
3699
26523
15102
24561
8365
26860
25929
21400
30315
15584
13348
10273
20928
19274
9701
283
11351
14910
20260
19539
31250
13859
21112
27280
32496
8
1410
20608
15412
13884
26413
13299
14532
2840
19251
6471
10447
24096
24292
21795
14514
27467
27427
22121
32541
1182
30641
19557
23153
2559
13230
32075
15725
4937
18268
24800
12042
156
29479
21367
419
25847
8162
29983
1369
32520
17492
2331
14774
13378
17395
27026
17041
16945
10991
25480
9265
6666
27506
3853
2741
6791
39
30644
8370
7153
6137
10567
14623
638
12061
29881
20590
19166
14674
348
10492
17681
16743
32340
1707
29051
8702
2124
19917
13370
15249
5992
2373
21175
19378
2426
7144
28539
18839
7288
8490
30789
27605
27950
16630
14937
15212
20016
31453
4378
22532
2835
11379
25307
20854
27612
22262
24563
14990
3257
26673
14351
22800
24047
2720
14797
5880
24596
16597
4230
6406
28798
20506
5226
7802
14843
15960
24787
3613
7618
26424
9427
21632
10410
27783
25103
30600
26778
1503
3537
810
13889
29572
18520
13172
18183
6284
7795
32717
6979
67
2382
27517
7342
21197
8331
16240
280
32013
12948
4406
17753
4038
14128
15183
21643
6656
20565
10918
12150
686
19774
9563
10316
9613
25532
28357
1687
14159
5073
27832
10095
13561
27003
12803
28144
25226
4302
4669
6123
7389
28741
8898
19164
720
15706
19704
27932
14758
16212
21975
8024
20650
13409
32424
27202
2069
3300
8972
29830
32562
28944
30785
21760
3520
17590
20897
21804
19608
7515
3691
14302
4496
24206
5318
22579
25246
28793
32259
13511
9281
17589
22563
15144
1820
7523
8345
26507
30948
19064
23633
3262
7293
20824
28912
22622
3424
12967
9054
26442
29248
16987
24450
32343
8941
17942
11596
15174
25976
19892
30457
20979
1688
31263
1170
10702
20812
9835
20662
28559
10690
10015
6810
28454
20344
5072
22862
18929
2721
20213
29762
23858
18634
16374
25864
27840
27837
29574
9819
26109
21926
5683
5217
20231
24948
32059
8749
13875
28290
12706
2184
13751
8311
12673
20977
24486
27755
23457
26594
9762
12363
14664
1365
5069
22910
6739
12935
26752
24264
14213
11772
28224
4463
20255
26307
6765
2461
28593
27643
20285
12806
25903
30102
20841
14026
31815
27229
17958
23453
4082
1844
19799
32037
5450
2976
3073
16803
6555
3974
15103
15574
26300
26166
3575
2845
16800
12967
1676
10203
30504
4356
2005
799
11067
31080
15886
6789
7705
16359
11918
6487
23532
21965
1017
17400
2721
12330
27319
12931
18933
30606
4517
7855
22995
25873
8970
18678
31453
28822
18892
14582
15689
13393
5860
23831
12782
10631
23311
19822
12702
8853
18630
13793
11959
9780
29297
11148
17653
4091
30936
29028
31626
6694
32218
28698
28017
13461
12129
25923
19455
19736
32405
3509
28603
27881
22352
20276
27503
20346
27602
9550
21887
22129
26807
21891
15226
32497
9510
11945
29679
15388
9034
22415
17026
23254
29958
28897
574
21195
22756
3659
18989
10419
9039
19169
16422
17877
18435
31935
3559
26825
6081
19436
11364
4995
1607
12421
31070
6797
3199
7191
19254
14740
31479
21068
30468
20774
20625
13514
31972
12730
27004
1624
20112
6129
6754
26946
25652
15899
3043
7423
4989
9981
27203
16146
23795
1490
15711
4910
9098
26511
31974
5789
627
363
13509
25315
13624
18591
19939
9118
17928
14186
20239
9136
30288
25433
10807
13728
5515
18629
27098
31550
14938
28573
21183
20614
4567
19814
19944
24007
14630
2175
11970
5381
21838
170
10654
7835
23879
16584
3684
31012
19029
15844
7046
20636
8852
1907
32052
20675
4563
19674
19663
30402
1189
23601
9375
9745
31158
32327
7112
1176
32092
21478
15994
25109
878
6232
22121
11965
4953
27945
6013
17702
31344
4911
1226
2916
30852
13512
8642
12147
6837
9571
17321
725
14471
14914
5962
14715
18233
8318
12009
4073
30546
21579
11384
7318
20604
7549
23566
20625
16277
13643
21140
27498
19204
31059
25794
26192
24905
20447
2634
6775
30168
8551
338
9917
24616
2903
17960
22668
12551
12305
13105
7170
29232
18486
23843
14159
1055
22818
32628
21855
3620
13493
3347
9146
13495
9817
14677
1960
2571
28992
3378
11928
27878
1006
23729
32194
18863
1272
12449
9484
29129
7435
30858
22826
32031
8751
6371
30986
27136
2125
10629
8815
28462
15087
30816
31196
13361
17480
9325
10675
25585
25972
25827
23710
19844
1025
20654
14126
1861
4269
14877
5314
18470
19313
29403
2987
27463
2239
3104
31885
20935
23561
26408
12552
5850
19330
10725
19864
18971
28968
27633
6842
9252
11522
12230
26961
26972
19622
31793
5703
28433
19455
10756
29047
30407
4941
14860
3019
21455
22125
18242
12449
3867
31067
26949
3700
32080
7669
6920
21176
31517
16130
31176
15621
17356
31858
28738
28024
5654
31975
8738
29271
6972
2165
11198
22771
17491
16550
2564
17875
4575
6594
16049
22542
31140
31053
1221
23545
24249
7632
10547
4354
20446
13277
23516
1756
15
15437
3262
21981
11610
10188
10601
13988
27117
19352
20147
15614
31603
4997
17069
14859
17569
5445
19158
2460
27915
26854
12942
20192
15165
27292
5581
25664
21767
18881
17428
647
23064
2330
20388
25414
3278
21596
7407
25207
32077
20206
1612
25440
27343
16369
26606
31930
20283
16254
10263
12307
18680
18734
3977
12401
22275
22496
1598
31800
6975
28342
2136
20045
5901
13153
26459
10876
5661
32159
11162
2327
15236
1
10735
26080
25870
28146
8623
13865
22741
17141
30429
2618
28946
3886
23710
24051
14900
27940
1005
23731
14127
1221
8848
7288
16407
16299
26187
5191
12013
4765
10323
20942
20153
89
29957
12872
16600
14736
15320
8865
19608
32307
15249
10970
19714
9197
32438
18608
12535
26097
31812
23928
16767
25077
12452
13134
8797
26238
17116
23918
16615
30303
2563
30690
9492
9596
1783
2654
22743
13012
9810
4712
22955
959
24217
30907
18543
25715
32439
30190
19317
12749
16554
10833
22230
20559
29821
27928
20232
5221
22390
5819
14770
32748
27536
19100
28862
30964
25387
1003
2992
24005
29955
27078
29495
6689
11359
11941
21250
8649
2443
32502
24021
29763
1671
17156
6108
3545
21505
14365
6975
27109
25217
9460
2806
31308
3044
11588
10207
14409
28939
2230
15374
12908
24532
8453
20580
15330
21833
23392
24675
8438
28696
4368
64
1240
26436
31578
10554
19613
22809
5799
8235
15240
1637
16610
10845
9352
19941
5922
1182
21761
31742
22153
20631
7375
17069
17516
27737
6025
28097
25011
26681
6914
10056
28035
3806
28438
24647
31515
13208
12963
12718
7932
15091
4565
18826
30541
4493
12711
14461
4989
1316
29862
13163
32554
13299
31992
7543
29762
1599
3998
28206
30824
26157
15606
18433
27033
10710
29316
21241
15887
25501
23025
12198
31589
3265
10580
5721
10493
15918
18609
30355
16799
27545
28863
10940
26722
21707
9967
5144
25808
8509
15017
13048
10821
23014
10201
3885
28312
13649
682
1218
5117
27122
20625
18667
27178
31418
29326
15160
2745
12777
1199
22286
21710
15908
22229
22872
19449
9671
25274
28282
24158
1148
25395
31878
22035
18189
28851
23987
31177
22902
18193
7947
8367
31551
6283
5987
15763
11784
4618
27280
9546
29286
29864
19672
5203
18157
26735
6823
14263
7566
27747
6275
15667
15140
1987
28482
11929
13641
8333
14459
7284
622
6976
12090
23531
20523
10213
22776
23528
5075
24656
15050
21881
2380
7076
28376
23414
5149
6933
11793
3428
14025
29682
8733
29081
5212
23266
5011
15009
12355
13422
18541
31713
24672
3775
9913
4474
9566
26793
28561
16240
23874
27113
9804
19468
1091
28843
30710
6526
30684
6224
14078
711
28703
7533
16175
32726
9036
17175
21985
21745
18338
7518
23153
20823
26485
25879
23278
24868
15233
14559
24853
30324
32638
28508
2944
3531
29941
24262
18202
20917
2129
15782
15574
8617
19513
222
18337
51
16157
23274
1685
11347
3855
16485
24431
27168
20437
5583
1347
16048
22332
27277
22382
9020
13231
25905
11469
29568
28935
17660
24364
7009
8101
7329
11009
18386
20926
10828
14171
7928
759
28899
23061
17292
7730
30348
27727
10114
5543
19567
17182
29160
16694
17341
8323
31760
30459
29681
12442
10737
4644
30294
26388
8651
23551
31433
20711
9994
2903
6592
11844
7277
19969
1931
26826
29031
4274
3290
14841
32454
30996
26752
5609
5778
17944
32374
11836
19256
2701
30755
8529
12775
30194
14810
10682
9275
8072
20901
25073
17689
1964
17217
28742
19674
17252
21865
12060
24747
1592
17496
9557
31027
32323
32137
25355
7287
13961
18625
5761
28411
29579
591
27993
24618
15897
19090
5639
30200
4200
20157
30085
31686
22884
3799
25928
6278
19015
17670
3444
4127
8811
21004
12108
13331
27996
21266
29676
18271
26418
17573
4922
22947
31518
22270
26394
23938
4162
22406
16097
32332
6342
21401
1805
30938
5928
22666
6451
31674
3539
29928
18488
21133
3316
24320
31940
24748
21129
25763
30196
12050
12474
2090
591
4470
11885
28342
17660
9911
5653
957
23346
14461
26314
30146
30191
15902
23455
28771
15341
1726
32048
14233
2002
20155
29050
2108
22182
17480
32240
25029
31371
16215
28619
7512
26024
12477
24225
30210
8551
3216
32057
26175
17888
13268
27806
32447
1429
8535
17778
6761
8543
24026
19333
5025
22696
32625
32678
24262
10715
14381
953
11775
30489
14327
1290
568
25390
26047
8417
19815
31427
13271
30551
2580
32212
5017
24679
27672
23909
19536
30536
3749
16753
14678
28666
17286
11044
13177
27424
26536
1866
10659
15373
24794
17670
11451
21793
10449
17607
29382
20054
2415
13176
5458
14870
28229
9719
3860
15440
28502
2249
15568
6090
31005
14348
25977
9657
13778
21420
3482
27535
7146
9178
6644
17172
17885
8634
1384
18616
30507
30812
11800
1063
29345
4590
32202
32543
1496
1328
29069
15998
28160
30504
17566
20896
31195
17686
17036
27623
3340
2730
1179
15515
26770
22645
7782
30965
23696
11934
32201
19574
18255
4054
510
9085
1413
16525
3590
1049
14296
1638
6731
26908
414
31721
2435
21361
9447
19577
17623
1455
8125
27781
25413
7661
11946
8706
24643
473
